SetDesc: "CTEQ6L1 - LO with LO alpha_s. CTEQ6 parameterization. mem=0 => central PDF"
SetIndex: 10042
Authors: J. Pumplin, D.R. Stump, J. Huston, H.L. Lai, P. Nadolsky, W.K. Tung
Reference: hep-ph/0201195
Format: lhagrid1
DataVersion: 4
NumMembers: 1
Particle: 2212
Flavors: [-5, -4, -3, -2, -1, 1, 2, 3, 4, 5, 21]
OrderQCD: 0
ForcePositive: 1
FlavorScheme: variable
NumFlavors: 5
XMin: 1e-06
XMax: 1
QMin: 1.3
QMax: 10000
MZ: 91.1876
MUp: 0
MDown: 0
MStrange: 0
MCharm: 1.3
MBottom: 4.5
MTop: 180
AlphaS_MZ: 0.129783
AlphaS_OrderQCD: 0
AlphaS_Type: ipol
AlphaS_Qs: [1.300000e+00, 1.560453e+00, 1.873087e+00, 2.248357e+00, 2.698811e+00, 3.239513e+00, 3.888544e+00, 4.667607e+00, 5.602754e+00, 6.725257e+00, 8.072650e+00, 9.689992e+00, 1.163137e+01, 1.396169e+01, 1.675889e+01, 2.011651e+01, 2.414681e+01, 2.898459e+01, 3.479160e+01, 4.176203e+01, 5.012899e+01, 6.017224e+01, 7.222765e+01, 8.669834e+01, 9.118760e+01, 1.040682e+02, 1.249181e+02, 1.499452e+02, 1.799865e+02, 2.160465e+02, 2.593310e+02, 3.112875e+02, 3.736534e+02, 4.485143e+02, 5.383733e+02, 6.462355e+02, 7.757077e+02, 9.311194e+02, 1.117668e+03, 1.341590e+03, 1.610376e+03, 1.933012e+03, 2.320287e+03, 2.785153e+03, 3.343154e+03, 4.012949e+03, 4.816936e+03, 5.782001e+03, 6.940415e+03, 8.330915e+03, 1.000000e+04]
AlphaS_Vals: [4.189466e-01, 3.803532e-01, 3.482705e-01, 3.211791e-01, 2.979983e-01, 2.779383e-01, 2.604087e-01, 2.451922e-01, 2.324903e-01, 2.210397e-01, 2.106640e-01, 2.012187e-01, 1.925841e-01, 1.846600e-01, 1.773623e-01, 1.706194e-01, 1.643704e-01, 1.585630e-01, 1.531520e-01, 1.480981e-01, 1.433671e-01, 1.389290e-01, 1.347574e-01, 1.308290e-01, 1.297831e-01, 1.271232e-01, 1.236215e-01, 1.203076e-01, 1.171667e-01, 1.141857e-01, 1.113525e-01, 1.086566e-01, 1.060881e-01, 1.036382e-01, 1.012990e-01, 9.906295e-02, 9.692353e-02, 9.487457e-02, 9.291044e-02, 9.102599e-02, 8.921646e-02, 8.747747e-02, 8.580498e-02, 8.419524e-02, 8.264479e-02, 8.115040e-02, 7.970910e-02, 7.831811e-02, 7.697483e-02, 7.567685e-02, 7.442192e-02]
AlphaS_Lambda4: 0.215
AlphaS_Lambda5: 0.165
