SetDesc: "MSHT20qed NNLO (68% C.L.). mem=0 => central value; mem=1-64 => 32 eigenvector sets (+/- directions); mem=65-76 => 6 photon uncertainty sets (+/- directions). See Section 5.3.2 of arXiv:2012.04684 and Section 4.3 of arXiv:1907.02750 for error calculations. Web address: www.hep.ucl.ac.uk/msht"
SetIndex: 28500
Authors: T. Cridge, L.A. Harland-Lang, A.D. Martin, R. S. Thorne
Reference: arXiv:2111.05357
Format: lhagrid1
DataVersion: 2
NumMembers: 77
Flavors: [-5, -4, -3, -2, -1, 1, 2, 3, 4, 5, 21, 22]
OrderQCD: 2
FlavorScheme: variable
NumFlavors: 5
ErrorType: hessian
XMin: 0.1000E-05
XMax: 1.00
QMin: 1.00
QMax: 0.3162E+05
MZ: 91.1876
MUp: 0
MDown: 0
MStrange: 0
MCharm: 1.40
MBottom:   4.75
MTop: 1e+10
AlphaS_MZ: 0.118000
AlphaS_OrderQCD: 2
AlphaS_Type: ipol
AlphaS_Qs: [0.1000000E+01, 0.1118034E+01, 0.1224745E+01, 0.1400000E+01, 0.1400000E+01, 0.1581139E+01, 0.1788854E+01, 0.2000000E+01, 0.2236068E+01, 0.2529822E+01, 0.2828427E+01, 0.3162278E+01, 0.3464102E+01, 0.4750000E+01, 0.4750000E+01, 0.5099020E+01, 0.6324555E+01, 0.8000000E+01, 0.1000000E+02, 0.1264911E+02, 0.1549193E+02, 0.2000000E+02, 0.2529822E+02, 0.3162278E+02, 0.4242641E+02, 0.5656854E+02, 0.7483315E+02, 0.1000000E+03, 0.1341641E+03, 0.1788854E+03, 0.2366432E+03, 0.3162278E+03, 0.4242641E+03, 0.5656854E+03, 0.7483315E+03, 0.1000000E+04, 0.1341641E+04, 0.1788854E+04, 0.2366432E+04, 0.3162278E+04, 0.4242641E+04, 0.5656854E+04, 0.7483315E+04, 0.1000000E+05, 0.1341641E+05, 0.1788854E+05, 0.2366432E+05, 0.3162278E+05]
AlphaS_Vals: [0.4679696E+00, 0.4252738E+00, 0.3964624E+00, 0.3613615E+00, 0.3627558E+00, 0.3387655E+00, 0.3177266E+00, 0.3010112E+00, 0.2860959E+00, 0.2713473E+00, 0.2593531E+00, 0.2484423E+00, 0.2402292E+00, 0.2157596E+00, 0.2160563E+00, 0.2117318E+00, 0.1996360E+00, 0.1879784E+00, 0.1781453E+00, 0.1688793E+00, 0.1616509E+00, 0.1534055E+00, 0.1465494E+00, 0.1405988E+00, 0.1334800E+00, 0.1271936E+00, 0.1216355E+00, 0.1163783E+00, 0.1115031E+00, 0.1071191E+00, 0.1031801E+00, 0.9939906E-01, 0.9584401E-01, 0.9260645E-01, 0.8966430E-01, 0.8681015E-01, 0.8409945E-01, 0.8160774E-01, 0.7932408E-01, 0.7709101E-01, 0.7495389E-01, 0.7297530E-01, 0.7114996E-01, 0.6935391E-01, 0.6762464E-01, 0.6601452E-01, 0.6452130E-01, 0.6304466E-01]
