 SetDesc: "set generated with APFEL - SF_MSHT20qed_nnlo"
 Authors: V. Bertone, S. Carrazza, J. Rojo
 Reference: ArXiv:1310.1394
 Format: lhagrid1
 DataVersion: 1
 NumMembers:          77
 Particle: 2212
 Flavors: [900, 901, 902, 903, 904, 905, 906, 907, 908, 909, 910, 930, 931, 932, 940, 941, 942]
 OrderQCD:           2
 FlavorScheme: variable
 NumFlavors:            5
 ErrorType: replicas
 XMin:   1.0000000000000001E-009
 XMax:   1.0000000000000000     
 QMin:   1.0000000000000000     
 QMax:   100000.00000000000     
 MZ:   91.187600000000003     
 MUp: 0
 MDown: 0
 MStrange: 0
 MCharm:   1.4142135623730951     
 MBottom:   4.5000000000000000     
 MTop:   175.00000000000000     
 ThresholdCharm:   1.4142135623730951     
 ThresholdBottom:   4.5000000000000000     
 ThresholdTop:   175.00000000000000     
 AlphaS_MZ:  0.11800072760577117     
 AlphaS_OrderQCD:           2
 AlphaS_Type: ipol
 AlphaS_Qs: [  0.99999999999999989      ,   1.0827817877170014      ,   1.1777782833303594      ,   1.2873050999626410      ,   1.4142135623730954      ,   1.4142135623730954      ,   1.5358323583850673      ,   1.6744738827922350      ,   1.8331580047577076      ,   2.0155494225500523      ,   2.2261178857645816      ,   2.4703437420853964      ,   2.7549831846492636      ,   3.0884126309019719      ,   3.4810786717176891      ,   3.9460898138939471      ,   4.4999999999999991      ,   4.4999999999999991      ,   5.1893027130946177      ,   6.0263945870972950      ,   7.0503176593364749      ,   8.3122822845795756      ,   9.8800254210269536      ,   11.843931691453342      ,   14.325712330545523      ,   17.490833316223117      ,   21.566496642475862      ,   26.867936757562561      ,   33.837309905009874      ,   43.101881171083534      ,   55.562149507507932      ,   72.527016131929315      ,   95.923867688605114      ,   128.62962844371555      ,   174.99999999999994      ,   174.99999999999994      ,   242.16654844982352      ,   340.55370443256464      ,   487.07886858501689      ,   709.11922606975770      ,   1051.7866300801907      ,   1590.8363819299950      ,   2456.0308813354427      ,   3874.3103059322989      ,   6251.3093261424647      ,   10328.810711155262      ,   17496.180817180684      ,   30421.877192471427      ,   54367.749725484347      ,   100000.00000000004      ]
 AlphaS_Vals: [  0.46630774859381591      ,  0.43517407548032555      ,  0.40704431244055445      ,  0.38146730698253450      ,  0.35808580872924545      ,  0.35945837245637502      ,  0.34312590541550647      ,  0.32767259786150066      ,  0.31303175345235573      ,  0.29914406677861521      ,  0.28595655699099370      ,  0.27342168451542681      ,  0.26149661508450994      ,  0.25014260285331408      ,  0.23932447045217800      ,  0.22901016846495872      ,  0.21917040040167993      ,  0.21948285636438133      ,  0.21069147180018186      ,  0.20222315232333518      ,  0.19406722096347881      ,  0.18621334865794437      ,  0.17865153652867832      ,  0.17137209981571572      ,  0.16436565331248312      ,  0.15762309814771006      ,  0.15113560977283755      ,  0.14489462702675665      ,  0.13889184216156972      ,  0.13311919172394734      ,  0.12756884819662578      ,  0.12223321231374140      ,  0.11710490597208610      ,  0.11217676566806889      ,  0.10744183639722504      ,  0.10747848921105210      ,  0.10333524517869311      ,   9.9321209850904354E-002 ,   9.5434577850756680E-002 ,   9.1673396546495853E-002 ,   8.8035580938984878E-002 ,   8.4518928081252748E-002 ,   8.1121130981025386E-002 ,   7.7839791945845019E-002 ,   7.4672435338580312E-002 ,   7.1616519718755933E-002 ,   6.8669449352163139E-002 ,   6.5828585077641527E-002 ,   6.3091254525743531E-002 ,   6.0454761689215174E-002 ]
 AlphaS_Lambda4:  0.38729833029234551     
 AlphaS_Lambda5:  0.20916500429591775     
