<LesHouchesEvents version="1.0">
 <header>
 ***********************************************                                 
 **************  Superchic v5.4 ***************                                  
 ***********************************************                                 
 *   v5.4                     DATE  30.06.2024 *                                 
 *                                             *                                 
 * Author: Lucian Harland-Lang                 *                                 
 * (l.harland-lang@ucl.ac.uk)                  *                                 
 *                                             *                                 
 * For details see                             *                                 
 *                                             *                                 
 * arXiv 2303.04826 (ion dissociation)         *                                 
 * arXiv 2201.08403 (WW updates)               *                                 
 * arXiv 2007.12704 (v4 updates)               *                                 
 * arXiv 1812.04886 (SUSY)                     *                                 
 * arXiv 1810.06567                            *                                 
 * arXiv 1508.02718                            *                                 
 * arXiv 1405.0018 (review)                    *                                 
 * arXiv 1005.0695 (quarkonia and diphoton)    *                                 
 * arXiv 1011.0680 (quarkonia)                 *                                 
 * arXiv 1105.1626 (meson pairs)               *                                 
 * arXiv 1302.2004 (meson pairs - eta/eta')    *                                 
 * arXiv 1306.6661 (Skewed PDF)                *                                 
 * arXiv 1306.2149 (Skewed PDF)                *                                 
 *                                             *                                 
 *  Available at :                             *                                 
 *  http:://projects.hepforge.org/superchic    *                                 
 *  https://github.com/LucianHL/SuperChic      *                                 
 ***********************************************                                 
                                                                                 
 **********************************************************        **************
 * gamma gamma --> W+ W- (mixed decay) production
 ************************************************************************
 
 ********************  Input parameters *********************************
 *              13000.0000         :  CMS collision energy (GeV)
 *                       4         :  Model of soft survival
 *                    in13         :  input file
 *          MSHT20qed_nnlo         :  PDF set
 *                       0         :  PDF member
 *                      55         :  Process number
 *                 had.dat         :  Output file
 *                       T         :  Include soft survival effects
 ************************************************************************
 
 ********************* Integration parameters  **************************
 *                   20000         :  Preconditioning calls
 *                       1         :  Preconditioning iterations
 *                  0.1000         :  Percentage accuracy
 *                   10000         :  Calls in first main iteration
 *                   10000         :  Increase calls per iteration
 *                    1000         :  Maximum number of iterations
 *                       6         :  Random number seed
 ************************************************************************
 *                      16         : Survival factor integration par.
 ************************************************************************
 
 ********************* Unweighted Events  *******************************
 *                       T         :  Generate unweighted events
 *                      10         :  Number of events
 *                     lhe         : Record format
 ************************************************************************
 
 ********************* General Cuts *************************************
 *                 -2.5000         :  Minimum object rapidity
 *                  2.5000         :  Maximum object rapidity
 *                160.8380         :  Minimum object mass
 *               1000.0000         :  Maximum object mass
 *                       F         :  Include further cuts
 *                       F         :  Include spin correlations
 ***************************************************** ******************
 
 ***************** 2-body decay cuts ***********************************
 *                  2.5000         :  pT(a) min
 *                  2.5000         :  pT(b) min
 *                 -2.5000         :  eta(a) min
 *                  2.5000         :  eta(a) max
 *                 -2.5000         :  eta(b) min
 *                  2.5000         :  eta(b) max
 ***********************************************************************
 
 </header>
 <init>
     2212  2212   0.650000000E+04   0.650000000E+04      0      0  247000  247000  3  1
 0.286192722E-01   0.249283100E-03   0.286192722E-01  1
 </init>
 <event>
 8    0   1.    0.170048919E+03    0.729740000E-02    0.107866169E+00
               22       -1    0    0    0    0  0.217031350E-01  0.593793128E-01  0.181861577E+03  0.181861574E+03  0.694331476E-01 0. 9.
               22       -1    0    0    0    0 -0.943534856E-02  0.575387251E-03 -0.397508923E+02  0.397508918E+02  0.110920741E-01 0. 9.
               24        2    1    2    0    0 -0.653166033E+00  0.874172417E+01  0.369338558E+02  0.889278901E+02  0.804190000E+02 0. 9.
              -24        2    1    2    0    0  0.665433820E+00 -0.868176947E+01  0.105176829E+03  0.132684576E+03  0.804190000E+02 0. 9.
                2        1    3    0    0    0 -0.231259270E+02  0.350211846E+02  0.573982604E+01  0.423584858E+02  0.620000000E-01 0. 9.
               -1        1    3    0    0    0  0.224727610E+02 -0.262794605E+02  0.311940298E+02  0.465694043E+02  0.830000000E-01 0. 9.
               -2        1    4    0    0    0  0.374716100E+02 -0.925690861E+01  0.776692230E+02  0.867313320E+02  0.620000000E-01 0. 9.
                1        1    4    0    0    0 -0.368061762E+02  0.575139148E+00  0.275076057E+02  0.459532442E+02  0.830000000E-01 0. 9.
 </event>
 <event>
 8    0   1.    0.375088058E+03    0.729740000E-02    0.973025402E-01
               22       -1    0    0    0    0  0.196545013E-01 -0.308564771E-01  0.894049768E+02  0.894049757E+02  0.000000000E+00 0. 9.
               22       -1    0    0    0    0 -0.371143444E+00  0.192854568E-01 -0.393409841E+03  0.393409825E+03  0.000000000E+00 0. 9.
               24        2    1    2    0    0  0.585201178E+02  0.150252814E+03 -0.852836754E+02  0.199351531E+03  0.804190000E+02 0. 9.
              -24        2    1    2    0    0 -0.588716067E+02 -0.150264385E+03 -0.218721189E+03  0.283463270E+03  0.804190000E+02 0. 9.
                2        1    3    0    0    0  0.674057740E+02  0.758863070E+02 -0.286859560E+02  0.105475864E+03  0.619999999E-01 0. 9.
               -1        1    3    0    0    0 -0.888565623E+01  0.743665065E+02 -0.565977194E+02  0.938756673E+02  0.830000000E-01 0. 9.
               -2        1    4    0    0    0 -0.193596163E+02  0.356789743E+01 -0.385225350E+02  0.432610007E+02  0.620000000E-01 0. 9.
                1        1    4    0    0    0 -0.395119904E+02 -0.153832282E+03 -0.180198654E+03  0.240202269E+03  0.829999999E-01 0. 9.
 </event>
 <event>
 8    0   1.    0.512599470E+03    0.729740000E-02    0.936903637E-01
               22       -1    0    0    0    0  0.182325247E+00  0.500863369E-01  0.528928283E+03  0.528928274E+03  0.000000000E+00 0. 9.
               22       -1    0    0    0    0  0.315954672E-01 -0.491276407E-01 -0.124193716E+03  0.124193715E+03  0.000000000E+00 0. 9.
               24        2    1    2    0    0  0.827302330E+01 -0.120753500E+03 -0.666334715E+02  0.159865837E+03  0.804190000E+02 0. 9.
              -24        2    1    2    0    0 -0.805910258E+01  0.120754458E+03  0.471368039E+03  0.493256152E+03  0.804190000E+02 0. 9.
                2        1    3    0    0    0 -0.247470082E+02 -0.497538294E+02  0.219670670E+01  0.556119350E+02  0.620000000E-01 0. 9.
               -1        1    3    0    0    0  0.330200315E+02 -0.709996703E+02 -0.688301782E+02  0.104253901E+03  0.830000000E-01 0. 9.
               -2        1    4    0    0    0 -0.388524810E+02  0.940369030E+02  0.376351557E+03  0.389862735E+03  0.620000001E-01 0. 9.
                1        1    4    0    0    0  0.307933784E+02  0.267175554E+02  0.950164822E+02  0.103393417E+03  0.830000000E-01 0. 9.
 </event>
 <event>
 8    0   1.    0.355513585E+03    0.729740000E-02    0.979507038E-01
               22       -1    0    0    0    0  0.501242707E-01 -0.728462806E-01  0.153864264E+03  0.153864262E+03  0.000000000E+00 0. 9.
               22       -1    0    0    0    0 -0.320682036E+00  0.141703853E+00 -0.205359571E+03  0.205359559E+03  0.000000000E+00 0. 9.
               24        2    1    2    0    0  0.369004544E+01  0.935202625E+01  0.134108493E+03  0.156695182E+03  0.804190000E+02 0. 9.
              -24        2    1    2    0    0 -0.396060320E+01 -0.928316868E+01 -0.185603799E+03  0.202528639E+03  0.804190000E+02 0. 9.
                2        1    3    0    0    0  0.159719659E+02 -0.108919501E+02 -0.116259124E+01  0.193673368E+02  0.620000000E-01 0. 9.
               -1        1    3    0    0    0 -0.122819205E+02  0.202439763E+02  0.135271084E+03  0.137327846E+03  0.830000000E-01 0. 9.
               -2        1    4    0    0    0  0.188783454E+02  0.104768494E+02 -0.905048653E+01  0.234109259E+02  0.620000000E-01 0. 9.
                1        1    4    0    0    0 -0.228389486E+02 -0.197600181E+02 -0.176553313E+03  0.179117713E+03  0.830000000E-01 0. 9.
 </event>
 <event>
 8    0   1.    0.641768633E+03    0.729740000E-02    0.912550577E-01
               22       -1    0    0    0    0  0.276939636E+00  0.217799938E+00  0.229293112E+04  0.229293107E+04  0.000000000E+00 0. 9.
               22       -1    0    0    0    0 -0.429244001E-01  0.151433782E-01 -0.449062041E+02  0.449062035E+02  0.000000000E+00 0. 9.
               24        2    1    2    0    0 -0.552390992E+01 -0.336921209E+02 -0.742227955E+00  0.873695545E+02  0.804190000E+02 0. 9.
              -24        2    1    2    0    0  0.575792516E+01  0.339250642E+02  0.224876715E+04  0.225046772E+04  0.804190000E+02 0. 9.
                2        1    3    0    0    0  0.516281875E+01  0.260577895E+02  0.173394844E+01  0.266209224E+02  0.620000000E-01 0. 9.
               -1        1    3    0    0    0 -0.106867287E+02 -0.597499104E+02 -0.247617640E+01  0.607486321E+02  0.830000000E-01 0. 9.
               -2        1    4    0    0    0 -0.263666682E+00 -0.159196776E+02  0.146880269E+04  0.146888898E+04  0.620000011E-01 0. 9.
                1        1    4    0    0    0  0.602159184E+01  0.498447418E+02  0.779964458E+03  0.781578736E+03  0.830000002E-01 0. 9.
 </event>
 <event>
 8    0   1.    0.332837579E+03    0.729740000E-02    0.987602135E-01
               22       -1    0    0    0    0 -0.238894829E-02 -0.683389602E-01  0.797340790E+03  0.797340781E+03  0.000000000E+00 0. 9.
               22       -1    0    0    0    0  0.307830778E+00  0.451336052E+00 -0.347345672E+02  0.347345438E+02  0.000000000E+00 0. 9.
               24        2    1    2    0    0  0.852448995E+02  0.596921417E+02  0.126118311E+03  0.182216598E+03  0.804190000E+02 0. 9.
              -24        2    1    2    0    0 -0.849394577E+02 -0.593091446E+02  0.636487912E+03  0.649858726E+03  0.804190000E+02 0. 9.
                2        1    3    0    0    0  0.112417051E+02 -0.107812327E+02  0.563937035E+02  0.585052524E+02  0.620000000E-01 0. 9.
               -1        1    3    0    0    0  0.740031944E+02  0.704733743E+02  0.697246073E+02  0.123711346E+03  0.830000000E-01 0. 9.
               -2        1    4    0    0    0 -0.420252074E+02 -0.672642182E+02  0.508146326E+03  0.514298830E+03  0.620000003E-01 0. 9.
                1        1    4    0    0    0 -0.429142503E+02  0.795507364E+01  0.128341586E+03  0.135559897E+03  0.829999999E-01 0. 9.
 </event>
 <event>
 8    0   1.    0.201214942E+03    0.729740000E-02    0.105425399E+00
               22       -1    0    0    0    0 -0.746193717E-01 -0.461585853E-01  0.463438967E+02  0.463438956E+02  0.000000000E+00 0. 9.
               22       -1    0    0    0    0  0.795474985E-01  0.134273827E+00 -0.218407742E+03  0.218407738E+03  0.000000000E+00 0. 9.
               24        2    1    2    0    0  0.360902705E+02  0.130897064E+02 -0.245738803E+02  0.924388403E+02  0.804190000E+02 0. 9.
              -24        2    1    2    0    0 -0.360853424E+02 -0.130015912E+02 -0.147489965E+03  0.172312793E+03  0.804190000E+02 0. 9.
                2        1    3    0    0    0  0.244248577E+02 -0.114693270E+02 -0.489680806E+02  0.559106063E+02  0.620000000E-01 0. 9.
               -1        1    3    0    0    0  0.116654129E+02  0.245590334E+02  0.243942004E+02  0.365282340E+02  0.830000000E-01 0. 9.
               -2        1    4    0    0    0 -0.548907317E+02 -0.309574309E+02 -0.101081897E+03  0.119117206E+03  0.620000001E-01 0. 9.
                1        1    4    0    0    0  0.188053893E+02  0.179558397E+02 -0.464080678E+02  0.531955871E+02  0.830000000E-01 0. 9.
 </event>
 <event>
 8    0   1.    0.249857853E+03    0.729740000E-02    0.102448921E+00
               22       -1    0    0    0    0  0.628489759E-02  0.465797670E-01  0.538087942E+02  0.538087935E+02  0.000000000E+00 0. 9.
               22       -1    0    0    0    0  0.267875893E+00  0.144808130E-01 -0.290050321E+03  0.290050312E+03  0.000000000E+00 0. 9.
               24        2    1    2    0    0 -0.396091251E+01  0.130960776E+02 -0.248334190E+03  0.261389138E+03  0.804190000E+02 0. 9.
              -24        2    1    2    0    0  0.423507330E+01 -0.130350170E+02  0.120926629E+02  0.824699677E+02  0.804190000E+02 0. 9.
                2        1    3    0    0    0 -0.611194517E+01  0.718384661E+01 -0.253236974E+03  0.253412573E+03  0.619999999E-01 0. 9.
               -1        1    3    0    0    0  0.215103266E+01  0.591223096E+01  0.490278357E+01  0.797656519E+01  0.830000000E-01 0. 9.
               -2        1    4    0    0    0  0.508383317E+01  0.408509533E+01 -0.333083219E+02  0.339408532E+02  0.620000000E-01 0. 9.
                1        1    4    0    0    0 -0.848759869E+00 -0.171201123E+02  0.454009848E+02  0.485291145E+02  0.830000000E-01 0. 9.
 </event>
 <event>
 8    0   1.    0.235095861E+03    0.729740000E-02    0.103269125E+00
               22       -1    0    0    0    0 -0.274475903E-01  0.362418325E-01  0.288559940E+02  0.288559936E+02  0.000000000E+00 0. 9.
               22       -1    0    0    0    0 -0.178215320E+00  0.168229024E+00 -0.478844699E+03  0.478844689E+03  0.000000000E+00 0. 9.
               24        2    1    2    0    0 -0.290802854E+01 -0.814467383E+02 -0.281680320E+03  0.304060925E+03  0.804190000E+02 0. 9.
              -24        2    1    2    0    0  0.270236563E+01  0.816512091E+02 -0.168308385E+03  0.203639757E+03  0.804190000E+02 0. 9.
                2        1    3    0    0    0 -0.312653026E+02 -0.669546817E+02 -0.134378002E+03  0.153355469E+03  0.620000000E-01 0. 9.
               -1        1    3    0    0    0  0.283572741E+02 -0.144920566E+02 -0.147302319E+03  0.150705457E+03  0.830000000E-01 0. 9.
               -2        1    4    0    0    0  0.381759356E+02  0.589258108E+02 -0.124014976E+03  0.142510952E+03  0.620000000E-01 0. 9.
                1        1    4    0    0    0 -0.354735700E+02  0.227253983E+02 -0.442934084E+02  0.611288051E+02  0.830000000E-01 0. 9.
 </event>
 <event>
 8    0   1.    0.211227084E+03    0.729740000E-02    0.104742919E+00
               22       -1    0    0    0    0  0.536970135E-01 -0.662816596E-01  0.625662060E+03  0.625662052E+03  0.000000000E+00 0. 9.
               22       -1    0    0    0    0  0.301284103E-01  0.734022225E-02 -0.178278758E+02  0.178278755E+02  0.000000000E+00 0. 9.
               24        2    1    2    0    0 -0.706584500E+01 -0.182640892E+02  0.104062928E+03  0.132965453E+03  0.804190000E+02 0. 9.
              -24        2    1    2    0    0  0.714967042E+01  0.182051477E+02  0.503771256E+03  0.510524475E+03  0.804190000E+02 0. 9.
                2        1    3    0    0    0  0.424398169E+01  0.159511852E+02 -0.568094930E+01  0.174564807E+02  0.620000000E-01 0. 9.
               -1        1    3    0    0    0 -0.113098267E+02 -0.342152743E+02  0.109743877E+03  0.115508972E+03  0.830000000E-01 0. 9.
               -2        1    4    0    0    0  0.157109877E+02 -0.286867423E+02  0.147786673E+03  0.151362707E+03  0.620000001E-01 0. 9.
                1        1    4    0    0    0 -0.856131727E+01  0.468918900E+02  0.355984583E+03  0.359161768E+03  0.829999997E-01 0. 9.
 </event>
 </LesHouchesEvents>
