<LesHouchesEvents version="1.0">
 <header>
 ***********************************************                                 
 **************  Superchic v5.4 ***************                                  
 ***********************************************                                 
 *   v5.4                     DATE  30.06.2024 *                                 
 *                                             *                                 
 * Author: Lucian Harland-Lang                 *                                 
 * (l.harland-lang@ucl.ac.uk)                  *                                 
 *                                             *                                 
 * For details see                             *                                 
 *                                             *                                 
 * arXiv 2303.04826 (ion dissociation)         *                                 
 * arXiv 2201.08403 (WW updates)               *                                 
 * arXiv 2007.12704 (v4 updates)               *                                 
 * arXiv 1812.04886 (SUSY)                     *                                 
 * arXiv 1810.06567                            *                                 
 * arXiv 1508.02718                            *                                 
 * arXiv 1405.0018 (review)                    *                                 
 * arXiv 1005.0695 (quarkonia and diphoton)    *                                 
 * arXiv 1011.0680 (quarkonia)                 *                                 
 * arXiv 1105.1626 (meson pairs)               *                                 
 * arXiv 1302.2004 (meson pairs - eta/eta')    *                                 
 * arXiv 1306.6661 (Skewed PDF)                *                                 
 * arXiv 1306.2149 (Skewed PDF)                *                                 
 *                                             *                                 
 *  Available at :                             *                                 
 *  http:://projects.hepforge.org/superchic    *                                 
 *  https://github.com/LucianHL/SuperChic      *                                 
 ***********************************************                                 
                                                                                 
 **********************************************************        **************
 * gamma gamma --> W+ W- (mixed decay) production
 ************************************************************************
 
 ********************  Input parameters *********************************
 *              13000.0000         :  CMS collision energy (GeV)
 *                       4         :  Model of soft survival
 *                    in13         :  input file
 *          MSHT20qed_nnlo         :  PDF set
 *                       0         :  PDF member
 *                      55         :  Process number
 *                 lep.dat         :  Output file
 *                       T         :  Include soft survival effects
 ************************************************************************
 
 ********************* Integration parameters  **************************
 *                   20000         :  Preconditioning calls
 *                       1         :  Preconditioning iterations
 *                  0.1000         :  Percentage accuracy
 *                   10000         :  Calls in first main iteration
 *                   10000         :  Increase calls per iteration
 *                    1000         :  Maximum number of iterations
 *                       6         :  Random number seed
 ************************************************************************
 *                      16         : Survival factor integration par.
 ************************************************************************
 
 ********************* Unweighted Events  *******************************
 *                       T         :  Generate unweighted events
 *                      10         :  Number of events
 *                     lhe         : Record format
 ************************************************************************
 
 ********************* General Cuts *************************************
 *                 -2.5000         :  Minimum object rapidity
 *                  2.5000         :  Maximum object rapidity
 *                160.8380         :  Minimum object mass
 *               1000.0000         :  Maximum object mass
 *                       F         :  Include further cuts
 *                       F         :  Include spin correlations
 ***************************************************** ******************
 
 ***************** 2-body decay cuts ***********************************
 *                  2.5000         :  pT(a) min
 *                  2.5000         :  pT(b) min
 *                 -2.5000         :  eta(a) min
 *                  2.5000         :  eta(a) max
 *                 -2.5000         :  eta(b) min
 *                  2.5000         :  eta(b) max
 ***********************************************************************
 
 </header>
 <init>
     2212  2212   0.650000000E+04   0.650000000E+04      0      0  247000  247000  3  1
 0.287123522E-02   0.270504467E-04   0.287123522E-02  1
 </init>
 <event>
 8    0   1.    0.257748869E+03    0.729740000E-02    0.102035483E+00
               22       -1    0    0    0    0 -0.964406287E-02  0.849741897E-01  0.119133178E+04  0.119133177E+04  0.212519456E+00 0. 9.
               22       -1    0    0    0    0 -0.564139685E-02 -0.114798402E-01 -0.139412305E+02  0.139412303E+02  0.129623393E-01 0. 9.
               24        2    1    2    0    0 -0.955772863E+02 -0.252395392E+02  0.498867544E+03  0.514886486E+03  0.804190000E+02 0. 9.
              -24        2    1    2    0    0  0.955620008E+02  0.253130335E+02  0.678523007E+03  0.690386509E+03  0.804190000E+02 0. 9.
               14        1    3    0    0    0 -0.909793989E+01  0.870771457E+01  0.231418400E+03  0.231760809E+03  0.460154034E-05 0. 9.
              -13        1    3    0    0    0 -0.864793464E+02 -0.339472537E+02  0.267449144E+03  0.283125677E+03  0.105660000E+00 0. 9.
              -14        1    4    0    0    0  0.534015317E+02  0.352054728E+02  0.569452219E+03  0.573033140E+03  0.109361123E-04 0. 9.
               13        1    4    0    0    0  0.421604691E+02 -0.989243926E+01  0.109070787E+03  0.117353370E+03  0.105660000E+00 0. 9.
 </event>
 <event>
 8    0   1.    0.347387344E+03    0.729740000E-02    0.982330965E-01
               22       -1    0    0    0    0 -0.321860197E-01 -0.457876715E-02  0.429154592E+02  0.429154586E+02  0.000000000E+00 0. 9.
               22       -1    0    0    0    0  0.167181468E+00 -0.121899022E+00 -0.702998536E+03  0.702998524E+03  0.000000000E+00 0. 9.
               24        2    1    2    0    0  0.632809412E+02 -0.397703048E+02 -0.619230169E+03  0.628887408E+03  0.804190000E+02 0. 9.
              -24        2    1    2    0    0 -0.631459457E+02  0.396438270E+02 -0.408529080E+02  0.117026574E+03  0.804190000E+02 0. 9.
               14        1    3    0    0    0  0.625137132E+02 -0.187154121E+02 -0.585448330E+03  0.589073831E+03  0.556082906E-05 0. 9.
              -13        1    3    0    0    0  0.767227987E+00 -0.210548927E+02 -0.337818382E+02  0.398135768E+02  0.105660000E+00 0. 9.
              -14        1    4    0    0    0 -0.283789851E+02 -0.219155547E+02 -0.272387507E+02  0.450289671E+02  0.825906185E-06 0. 9.
               13        1    4    0    0    0 -0.347669606E+02  0.615593817E+02 -0.136141572E+02  0.719976074E+02  0.105660000E+00 0. 9.
 </event>
 <event>
 8    0   1.    0.232332212E+03    0.729740000E-02    0.103429955E+00
               22       -1    0    0    0    0  0.951912430E-01  0.378453639E+00  0.297252480E+02  0.297252359E+02  0.000000000E+00 0. 9.
               22       -1    0    0    0    0  0.110241457E+00 -0.163036783E-01 -0.453978110E+03  0.453978104E+03  0.000000000E+00 0. 9.
               24        2    1    2    0    0 -0.197829049E+02 -0.313520506E+02 -0.368324807E+03  0.378820133E+03  0.804190000E+02 0. 9.
              -24        2    1    2    0    0  0.199883376E+02  0.317142006E+02 -0.559280557E+02  0.104883207E+03  0.804190000E+02 0. 9.
               12        1    3    0    0    0  0.301639913E+02 -0.666937621E+01 -0.171595446E+03  0.174354077E+03  0.199475295E-05 0. 9.
              -11        1    3    0    0    0 -0.499468962E+02 -0.246826744E+02 -0.196729361E+03  0.204466056E+03  0.511003492E-03 0. 9.
              -14        1    4    0    0    0  0.137246861E+02 -0.262087908E+02 -0.259947522E+02  0.393826721E+02  0.953674316E-06 0. 9.
               13        1    4    0    0    0  0.626365151E+01  0.579229914E+02 -0.299333035E+02  0.655005350E+02  0.105660000E+00 0. 9.
 </event>
 <event>
 8    0   1.    0.237329149E+03    0.729740000E-02    0.103140868E+00
               22       -1    0    0    0    0  0.299588742E-01  0.978084885E-01  0.116348253E+04  0.116348252E+04  0.000000000E+00 0. 9.
               22       -1    0    0    0    0 -0.138981144E-01 -0.179800872E-01 -0.121027104E+02  0.121027103E+02  0.000000000E+00 0. 9.
               24        2    1    2    0    0  0.143164710E+02  0.502262493E+02  0.229369211E+03  0.248606291E+03  0.804190000E+02 0. 9.
              -24        2    1    2    0    0 -0.143004102E+02 -0.501464209E+02  0.922010612E+03  0.926978936E+03  0.804190000E+02 0. 9.
               14        1    3    0    0    0  0.240982247E+02  0.421495944E+02  0.533693526E+02  0.721498477E+02  0.753945746E-06 0. 9.
              -13        1    3    0    0    0 -0.978175370E+01  0.807665493E+01  0.175999859E+03  0.176456444E+03  0.105660000E+00 0. 9.
              -12        1    4    0    0    0  0.887881956E+01 -0.645499584E+02  0.749055124E+03  0.751883707E+03  0.142708009E-04 0. 9.
               11        1    4    0    0    0 -0.231792298E+02  0.144035375E+02  0.172955488E+03  0.175095229E+03  0.511038754E-03 0. 9.
 </event>
 <event>
 8    0   1.    0.291299807E+03    0.729740000E-02    0.100441371E+00
               22       -1    0    0    0    0 -0.917130173E-02  0.867875625E-02  0.779443046E+02  0.779443037E+02  0.000000000E+00 0. 9.
               22       -1    0    0    0    0  0.104402948E+00  0.179047139E-01 -0.272167387E+03  0.272167383E+03  0.000000000E+00 0. 9.
               24        2    1    2    0    0 -0.919457849E+02 -0.435983397E+01 -0.192221541E+03  0.227792387E+03  0.804190000E+02 0. 9.
              -24        2    1    2    0    0  0.920410165E+02  0.438641744E+01 -0.200154212E+01  0.122319300E+03  0.804190000E+02 0. 9.
               12        1    3    0    0    0 -0.951883413E+02  0.637557447E+01 -0.194234298E+03  0.216398777E+03  0.269739830E-05 0. 9.
              -11        1    3    0    0    0  0.324255640E+01 -0.107354084E+02  0.201275712E+01  0.113936104E+02  0.511001309E-03 0. 9.
              -14        1    4    0    0    0  0.800038174E+01  0.313180770E+02  0.856271225E+01  0.334387215E+02  0.119209290E-06 0. 9.
               13        1    4    0    0    0  0.840406348E+02 -0.269316595E+02 -0.105642544E+02  0.888805784E+02  0.105660000E+00 0. 9.
 </event>
 <event>
 8    0   1.    0.257525145E+03    0.729740000E-02    0.102046981E+00
               22       -1    0    0    0    0 -0.189815146E+00 -0.222356992E-01  0.272604867E+03  0.272604861E+03  0.000000000E+00 0. 9.
               22       -1    0    0    0    0  0.107521669E-01  0.109278996E-01 -0.608199311E+02  0.608199304E+02  0.000000000E+00 0. 9.
               24        2    1    2    0    0 -0.906672642E+02  0.785079195E+01  0.503077875E+02  0.131454467E+03  0.804190000E+02 0. 9.
              -24        2    1    2    0    0  0.904882012E+02 -0.786209975E+01  0.161477149E+03  0.201970325E+03  0.804190000E+02 0. 9.
               12        1    3    0    0    0 -0.451793995E+02  0.283619988E+02 -0.883866203E+01  0.540712776E+02  0.126159254E-05 0. 9.
              -11        1    3    0    0    0 -0.454878647E+02 -0.205112069E+02  0.591464495E+02  0.773831890E+02  0.510998598E-03 0. 9.
              -14        1    4    0    0    0  0.859452740E+02  0.146166893E+02  0.155499817E+03  0.178270667E+03  0.233601546E-05 0. 9.
               13        1    4    0    0    0  0.454292720E+01 -0.224787891E+02  0.597733225E+01  0.236996584E+02  0.105660000E+00 0. 9.
 </event>
 <event>
 8    0   1.    0.228789751E+03    0.729740000E-02    0.103639626E+00
               22       -1    0    0    0    0 -0.406367042E-01 -0.376548437E+00  0.307835597E+02  0.307835483E+02  0.000000000E+00 0. 9.
               22       -1    0    0    0    0 -0.903962274E-02  0.104205562E+00 -0.425103877E+03  0.425103871E+03  0.000000000E+00 0. 9.
               24        2    1    2    0    0  0.451271612E+01  0.484093065E+02 -0.326834109E+03  0.340075839E+03  0.804190000E+02 0. 9.
              -24        2    1    2    0    0 -0.456239245E+01 -0.486816493E+02 -0.674862078E+02  0.115811581E+03  0.804190000E+02 0. 9.
               12        1    3    0    0    0  0.896076342E+01 -0.217640448E+02 -0.746390213E+02  0.782620753E+02  0.164318666E-05 0. 9.
              -11        1    3    0    0    0 -0.444804730E+01  0.701733512E+02 -0.252195088E+03  0.261813764E+03  0.511001059E-03 0. 9.
              -12        1    4    0    0    0 -0.124227489E+02 -0.642870200E+02 -0.724438872E+02  0.976486684E+02  0.825906185E-06 0. 9.
               11        1    4    0    0    0  0.786035644E+01  0.156053707E+02  0.495767942E+01  0.181629123E+02  0.511000489E-03 0. 9.
 </event>
 <event>
 8    0   1.    0.507868130E+03    0.729740000E-02    0.937935937E-01
               22       -1    0    0    0    0  0.550880842E-01  0.253012411E-02  0.185801983E+03  0.185801981E+03  0.000000000E+00 0. 9.
               22       -1    0    0    0    0 -0.154156681E+00  0.741119721E-02 -0.347049654E+03  0.347049648E+03  0.000000000E+00 0. 9.
               24        2    1    2    0    0 -0.113904835E+03  0.542205558E+02  0.134678223E+03  0.201294857E+03  0.804190000E+02 0. 9.
              -24        2    1    2    0    0  0.113805766E+03 -0.542106145E+02 -0.295925894E+03  0.331556773E+03  0.804190000E+02 0. 9.
               14        1    3    0    0    0 -0.387114464E+02 -0.135633495E+02  0.130433178E+02  0.430426378E+02  0.476837158E-06 0. 9.
              -13        1    3    0    0    0 -0.751933884E+02  0.677839054E+02  0.121634905E+03  0.158252219E+03  0.105660000E+00 0. 9.
              -14        1    4    0    0    0 -0.556523325E+01 -0.566326209E+01  0.874418025E+00  0.798805142E+01  0.687394297E-06 0. 9.
               13        1    4    0    0    0  0.119370999E+03 -0.485473524E+02 -0.296800312E+03  0.323568721E+03  0.105660000E+00 0. 9.
 </event>
 <event>
 8    0   1.    0.750234788E+03    0.729740000E-02    0.896384495E-01
               22       -1    0    0    0    0  0.161159097E-01  0.603273487E-02  0.109904310E+03  0.109904308E+03  0.000000000E+00 0. 9.
               22       -1    0    0    0    0  0.356538835E+00 -0.386883746E+00 -0.128032433E+04  0.128032428E+04  0.000000000E+00 0. 9.
               24        2    1    2    0    0  0.363738125E+02 -0.314856477E+02  0.878765366E+02  0.128467511E+03  0.804190000E+02 0. 9.
              -24        2    1    2    0    0 -0.360011578E+02  0.311047967E+02 -0.125829655E+04  0.126176108E+04  0.804190000E+02 0. 9.
               14        1    3    0    0    0 -0.241782773E+02 -0.307376348E+01  0.115199009E+02  0.269582127E+02  0.953674316E-06 0. 9.
              -13        1    3    0    0    0  0.605520898E+02 -0.284118843E+02  0.763566358E+02  0.101509299E+03  0.105660000E+00 0. 9.
              -12        1    4    0    0    0 -0.149874667E+02  0.449189821E+02 -0.113173852E+04  0.113272874E+04  0.703031669E-05 0. 9.
               11        1    4    0    0    0 -0.210136911E+02 -0.138141854E+02 -0.126558036E+03  0.129032335E+03  0.511002714E-03 0. 9.
 </event>
 <event>
 8    0   1.    0.344686111E+03    0.729740000E-02    0.983288191E-01
               22       -1    0    0    0    0 -0.105562615E+00  0.111466292E-01  0.204553574E+03  0.204553571E+03  0.000000000E+00 0. 9.
               22       -1    0    0    0    0  0.263885918E+00  0.110190917E+00 -0.145204702E+03  0.145204694E+03  0.000000000E+00 0. 9.
               24        2    1    2    0    0 -0.126845287E+02  0.215586109E+02 -0.122903606E+03  0.148990546E+03  0.804190000E+02 0. 9.
              -24        2    1    2    0    0  0.128428520E+02 -0.214372734E+02  0.182252478E+03  0.200767719E+03  0.804190000E+02 0. 9.
               14        1    3    0    0    0 -0.109481414E+01  0.222370795E+01 -0.126185857E+03  0.126210197E+03  0.172203534E-05 0. 9.
              -13        1    3    0    0    0 -0.115897145E+02  0.193349030E+02  0.328225092E+01  0.227803488E+02  0.105660000E+00 0. 9.
              -14        1    4    0    0    0  0.432144624E+01 -0.521196440E+02  0.117209008E+03  0.128347512E+03  0.203006105E-05 0. 9.
               13        1    4    0    0    0  0.852140575E+01  0.306823706E+02  0.650434697E+02  0.724202067E+02  0.105660000E+00 0. 9.
 </event>
 </LesHouchesEvents>
